Maine Geological Survey RTK GPS Survey Report
Point,Date,Time,Easting,Northing,Elevation,Latitude,Longitude,EllipseEl,HDOP,VDOP,3DCQ
TRANSA01,05/22/2020,09:44:30,420255.1975,4857605.6767,0.38,43.86723,-69.99243,-25.56,0.90,1.50,0.03
TRANSA02,05/22/2020,09:45:09,420255.1581,4857606.6989,0.47,43.86724,-69.99243,-25.48,1.00,1.50,0.02
TRANSA03,05/22/2020,09:45:32,420255.1467,4857607.6758,0.51,43.86725,-69.99243,-25.43,0.90,1.50,0.02
TRANSA04,05/22/2020,09:45:59,420255.1164,4857608.6883,0.54,43.86726,-69.99243,-25.40,0.90,1.50,0.02
TRANSA05,05/22/2020,09:46:28,420255.0915,4857609.6786,0.54,43.86727,-69.99243,-25.40,1.00,1.50,0.02
TRANSA06,05/22/2020,09:46:54,420255.0598,4857610.6708,0.51,43.86728,-69.99244,-25.43,1.00,1.50,0.02
TRANSA07,05/22/2020,09:47:14,420255.0140,4857611.6859,0.52,43.86729,-69.99244,-25.43,1.00,1.50,0.03
TRANSA08,05/22/2020,09:47:45,420254.9456,4857612.6693,0.50,43.86730,-69.99244,-25.44,1.00,1.50,0.03
TRANSA09,05/22/2020,09:48:11,420254.8981,4857613.6653,0.52,43.86731,-69.99244,-25.43,1.00,1.50,0.02
TRANSA10,05/22/2020,09:48:37,420254.8447,4857614.1945,0.45,43.86731,-69.99244,-25.50,0.90,1.40,0.03
TRANSA11,05/22/2020,09:48:58,420254.8247,4857614.5284,0.51,43.86731,-69.99244,-25.44,0.90,1.40,0.03
TRANSA12,05/22/2020,09:49:31,420254.8323,4857614.7298,0.46,43.86732,-69.99244,-25.49,0.90,1.40,0.02
TRANSA13,05/22/2020,09:50:29,420254.7575,4857615.0444,0.52,43.86732,-69.99244,-25.43,0.90,1.40,0.02
TRANSA14,05/22/2020,09:50:52,420254.7294,4857615.2934,0.53,43.86732,-69.99244,-25.41,1.00,1.50,0.02
TRANSA15,05/22/2020,09:51:41,420254.7446,4857615.4994,0.97,43.86732,-69.99244,-24.97,1.00,1.50,0.02
TRANSA16,05/22/2020,09:52:12,420254.7422,4857615.6865,1.08,43.86732,-69.99244,-24.87,1.00,1.50,0.02
TRANSA17,05/22/2020,09:52:48,420254.7450,4857615.8856,1.17,43.86733,-69.99244,-24.77,1.00,1.50,0.02
TRANSA18,05/22/2020,09:53:11,420254.7040,4857616.1228,1.28,43.86733,-69.99244,-24.67,0.90,1.40,0.02
TRANSA19,05/22/2020,09:53:37,420254.6885,4857616.3677,1.35,43.86733,-69.99244,-24.60,1.00,1.50,0.03
TRANSA20,05/22/2020,09:54:06,420254.6787,4857616.5965,1.41,43.86733,-69.99244,-24.53,1.00,1.50,0.02
TRANSA21,05/22/2020,09:54:34,420254.6562,4857616.8491,1.45,43.86734,-69.99244,-24.50,1.00,1.50,0.02
TRANSA22,05/22/2020,09:54:58,420254.6552,4857617.0887,1.47,43.86734,-69.99244,-24.47,1.00,1.50,0.02
TRANSA23,05/22/2020,09:55:29,420254.6519,4857617.3614,1.48,43.86734,-69.99244,-24.46,1.00,1.50,0.02
TRANSA24,05/22/2020,09:55:52,420254.6516,4857617.6086,1.51,43.86734,-69.99244,-24.43,1.00,1.50,0.02
TRANSA26,05/22/2020,09:58:11,420254.5500,4857619.6084,1.50,43.86736,-69.99244,-24.45,1.00,1.50,0.02
TRANSA27,05/22/2020,09:58:41,420254.5673,4857620.6099,1.50,43.86737,-69.99244,-24.45,1.00,1.50,0.02
TRANSA28,05/22/2020,09:59:07,420254.5187,4857622.6111,1.53,43.86739,-69.99244,-24.41,1.00,1.50,0.02
TRANSA29,05/22/2020,09:59:34,420254.4544,4857624.6144,1.51,43.86740,-69.99244,-24.44,0.90,1.30,0.02
TRANSA30,05/22/2020,10:00:00,420254.4143,4857626.6026,1.52,43.86742,-69.99245,-24.42,0.90,1.30,0.02
TRANSA31,05/22/2020,10:00:28,420254.3848,4857628.5849,1.53,43.86744,-69.99245,-24.41,0.80,1.20,0.02
TRANSA32,05/22/2020,10:00:57,420254.3295,4857630.5519,1.52,43.86746,-69.99245,-24.42,0.80,1.20,0.03
TRANSA33,05/22/2020,10:01:35,420254.3051,4857632.5795,1.53,43.86748,-69.99245,-24.41,0.90,1.30,0.03
TRANSA34,05/22/2020,10:02:02,420254.2315,4857634.5915,1.57,43.86749,-69.99245,-24.37,0.90,1.30,0.02
TRANSA35,05/22/2020,10:02:24,420254.1856,4857636.5663,1.61,43.86751,-69.99245,-24.33,0.90,1.30,0.02
TRANSA36,05/22/2020,10:02:57,420254.1721,4857638.6071,1.59,43.86753,-69.99245,-24.35,0.90,1.30,0.02
TRANSA37,05/22/2020,10:03:19,420254.1338,4857640.6094,1.61,43.86755,-69.99245,-24.33,0.90,1.30,0.02
TRANSA38,05/22/2020,10:03:43,420254.0995,4857642.5952,1.64,43.86757,-69.99245,-24.31,0.90,1.30,0.02
TRANSA39,05/22/2020,10:04:02,420254.0400,4857644.5793,1.67,43.86758,-69.99245,-24.27,0.80,1.30,0.02
TRANSA40,05/22/2020,10:04:36,420253.9566,4857646.5838,1.76,43.86760,-69.99245,-24.19,0.80,1.30,0.02
TRANSA41,05/22/2020,10:05:00,420253.8831,4857648.5794,1.93,43.86762,-69.99246,-24.02,0.80,1.30,0.02
TRANSA42,05/22/2020,10:05:25,420253.8663,4857649.5042,2.31,43.86763,-69.99246,-23.64,0.80,1.30,0.02
TRANSB01,05/22/2020,10:09:30,420246.3852,4857614.4478,0.56,43.86731,-69.99254,-25.38,0.80,1.30,0.02
TRANSB02,05/22/2020,10:09:48,420246.6746,4857615.3994,0.55,43.86732,-69.99254,-25.40,1.00,1.70,0.02
TRANSB03,05/22/2020,10:10:21,420246.9543,4857616.3598,0.57,43.86733,-69.99254,-25.38,1.00,1.70,0.02
TRANSB04,05/22/2020,10:10:54,420247.2119,4857617.3199,0.56,43.86734,-69.99253,-25.38,1.00,1.70,0.02
TRANSB05,05/22/2020,10:11:15,420247.4769,4857618.2912,0.57,43.86735,-69.99253,-25.37,1.00,1.70,0.02
TRANSB06,05/22/2020,10:11:37,420247.7402,4857619.2228,0.59,43.86736,-69.99253,-25.35,1.00,1.70,0.02
TRANSB07,05/22/2020,10:12:05,420248.0167,4857620.1693,0.61,43.86736,-69.99252,-25.33,1.00,1.70,0.02
TRANSBLOG,05/22/2020,10:13:12,420248.2434,4857620.9977,0.91,43.86737,-69.99252,-25.04,1.00,1.70,0.03
TRANSB08,05/22/2020,10:15:39,420248.3739,4857621.4060,0.64,43.86738,-69.99252,-25.31,1.00,1.70,0.02
TRANSB09,05/22/2020,10:16:07,420248.4112,4857621.5889,0.90,43.86738,-69.99252,-25.04,1.00,1.70,0.02
TRANSB10,05/22/2020,10:16:30,420248.4799,4857621.8146,0.96,43.86738,-69.99252,-24.99,1.00,1.70,0.02
TRANSB11,05/22/2020,10:16:57,420248.5035,4857621.9694,0.99,43.86738,-69.99252,-24.95,1.00,1.70,0.02
TRANSB12,05/22/2020,10:17:25,420248.5144,4857622.0272,0.78,43.86738,-69.99252,-25.17,1.00,1.70,0.02
TRANSB13,05/22/2020,10:17:48,420248.5457,4857622.1378,0.79,43.86738,-69.99252,-25.16,1.00,1.70,0.02
TRANSB14,05/22/2020,10:18:23,420248.5469,4857622.2513,1.51,43.86738,-69.99252,-24.44,1.00,1.70,0.03
TRANSB15,05/22/2020,10:18:51,420248.6023,4857622.5063,1.52,43.86739,-69.99252,-24.42,1.00,1.70,0.02
TRANSB16,05/22/2020,10:19:25,420248.6583,4857622.7620,1.55,43.86739,-69.99252,-24.40,1.00,1.70,0.02
TRANSB17,05/22/2020,10:19:50,420248.7056,4857622.9846,1.58,43.86739,-69.99252,-24.37,1.00,1.70,0.02
TRANSB18,05/22/2020,10:20:26,420248.7462,4857623.1050,1.59,43.86739,-69.99252,-24.35,1.00,1.70,0.02
TRANSB19,05/22/2020,10:20:60,420248.9573,4857624.0755,1.63,43.86740,-69.99251,-24.31,1.00,1.70,0.02
TRANSB20,05/22/2020,10:21:32,420249.1432,4857625.0566,1.62,43.86741,-69.99251,-24.32,1.00,1.70,0.02
TRANSB21,05/22/2020,10:22:17,420249.5324,4857626.9954,1.62,43.86743,-69.99251,-24.33,1.00,1.70,0.02
TRANSB22,05/22/2020,10:22:42,420249.8596,4857628.9563,1.64,43.86744,-69.99250,-24.31,1.00,1.70,0.02
TRANSB23,05/22/2020,10:23:07,420250.2521,4857630.9107,1.62,43.86746,-69.99250,-24.32,1.00,1.70,0.02
TRANSB24,05/22/2020,10:23:29,420250.6476,4857632.8655,1.60,43.86748,-69.99249,-24.35,1.00,1.70,0.03
TRANSB25,05/22/2020,10:23:50,420251.0100,4857634.8293,1.61,43.86750,-69.99249,-24.33,1.00,1.70,0.03
TRANSB26,05/22/2020,10:24:16,420251.3815,4857636.8028,1.62,43.86751,-69.99249,-24.32,1.00,1.70,0.02
TRANSB27,05/22/2020,10:24:38,420251.7603,4857638.8028,1.61,43.86753,-69.99248,-24.34,1.00,1.70,0.02
TRANSB28,05/22/2020,10:25:03,420252.1762,4857640.7024,1.60,43.86755,-69.99248,-24.35,1.00,1.70,0.03
TRANSB29,05/22/2020,10:25:26,420252.5504,4857642.6806,1.59,43.86757,-69.99247,-24.35,1.00,1.70,0.03
TRANSB30,05/22/2020,10:26:01,420252.9015,4857644.6446,1.68,43.86759,-69.99247,-24.27,1.00,1.70,0.02
TRANSB31,05/22/2020,10:26:25,420253.2979,4857646.6305,1.74,43.86760,-69.99246,-24.21,1.00,1.70,0.03
TRANSB32,05/22/2020,10:26:46,420253.6557,4857648.5420,1.95,43.86762,-69.99246,-24.00,1.00,1.70,0.02
TRANSB33,05/22/2020,10:27:05,420253.8061,4857649.4998,2.28,43.86763,-69.99246,-23.66,1.00,1.70,0.02
TRANSC01,05/22/2020,10:38:50,420233.4366,4857624.2155,0.59,43.86740,-69.99271,-25.35,1.00,1.50,0.01
TRANSC02,05/22/2020,10:39:16,420233.6064,4857624.4444,0.55,43.86740,-69.99270,-25.39,1.00,1.50,0.02
TRANSC03,05/22/2020,10:39:39,420233.7711,4857624.6624,0.53,43.86740,-69.99270,-25.41,1.00,1.50,0.02
TRANSC04,05/22/2020,10:40:07,420233.8553,4857624.8947,0.62,43.86741,-69.99270,-25.33,1.00,1.50,0.02
TRANSC05,05/22/2020,10:40:31,420233.9811,4857624.9904,0.65,43.86741,-69.99270,-25.30,1.00,1.50,0.02
TRANSC06,05/22/2020,10:40:55,420234.0131,4857625.0459,1.01,43.86741,-69.99270,-24.94,1.00,1.50,0.02
TRANSC07,05/22/2020,10:41:20,420234.1142,4857625.1545,1.08,43.86741,-69.99270,-24.86,1.00,1.50,0.02
TRANSC08,05/22/2020,10:41:40,420234.2285,4857625.2645,1.13,43.86741,-69.99270,-24.81,1.00,1.50,0.02
TRANSC09,05/22/2020,10:42:03,420234.3354,4857625.3379,1.33,43.86741,-69.99270,-24.61,1.00,1.50,0.02
TRANSC10,05/22/2020,10:42:34,420234.4819,4857625.4709,1.41,43.86741,-69.99269,-24.53,1.00,1.50,0.02
TRANSC11,05/22/2020,10:42:55,420234.6416,4857625.6612,1.47,43.86741,-69.99269,-24.47,1.00,1.50,0.02
TRANSC12,05/22/2020,10:43:19,420234.8035,4857625.8442,1.47,43.86741,-69.99269,-24.47,0.90,1.40,0.02
TRANSC13,05/22/2020,10:43:37,420234.9644,4857626.0310,1.49,43.86742,-69.99269,-24.45,0.90,1.40,0.02
TRANSC14,05/22/2020,10:43:59,420235.1065,4857626.2376,1.51,43.86742,-69.99269,-24.44,0.90,1.40,0.02
TRANSC15,05/22/2020,10:44:45,420235.4331,4857626.6235,1.50,43.86742,-69.99268,-24.45,0.90,1.50,0.02
TRANSC16,05/22/2020,10:45:05,420235.5857,4857626.8203,1.55,43.86742,-69.99268,-24.39,0.90,1.50,0.02
TRANSC17,05/22/2020,10:45:24,420235.6957,4857626.9321,1.55,43.86742,-69.99268,-24.39,0.90,1.50,0.02
TRANSC18,05/22/2020,10:45:46,420236.3182,4857627.6978,1.57,43.86743,-69.99267,-24.38,0.90,1.50,0.02
TRANSC19,05/22/2020,10:46:11,420236.9433,4857628.5025,1.59,43.86744,-69.99266,-24.36,1.00,1.50,0.02
TRANSC20,05/22/2020,10:46:51,420237.5748,4857629.2494,1.61,43.86744,-69.99266,-24.34,1.00,1.50,0.02
TRANSC22,05/22/2020,10:48:02,420239.4182,4857631.6079,1.62,43.86747,-69.99263,-24.33,1.00,1.50,0.02
TRANSC23,05/22/2020,10:48:20,420240.6698,4857633.1703,1.64,43.86748,-69.99262,-24.30,1.00,1.50,0.02
TRANSC24,05/22/2020,10:48:44,420241.9122,4857634.7280,1.67,43.86749,-69.99260,-24.27,1.00,1.50,0.02
TRANSC25,05/22/2020,10:49:12,420243.1726,4857636.2857,1.64,43.86751,-69.99259,-24.30,1.00,1.50,0.02
TRANSC26,05/22/2020,10:49:36,420244.4411,4857637.8262,1.67,43.86752,-69.99257,-24.28,1.00,1.50,0.02
TRANSC27,05/22/2020,10:53:39,420245.6393,4857639.4499,1.63,43.86754,-69.99256,-24.31,1.00,1.50,0.02
TRANSC28,05/22/2020,10:54:27,420246.8865,4857641.0215,1.64,43.86755,-69.99254,-24.31,1.00,1.50,0.02
TRANSC29,05/22/2020,10:54:48,420248.1472,4857642.5412,1.64,43.86757,-69.99253,-24.30,1.00,1.50,0.03
TRANSC30,05/22/2020,10:55:12,420249.4182,4857644.1053,1.67,43.86758,-69.99251,-24.27,1.00,1.50,0.02
TRANSC31,05/22/2020,10:55:42,420250.7031,4857645.6136,1.70,43.86759,-69.99249,-24.25,1.00,1.50,0.02
TRANSC32,05/22/2020,10:56:05,420251.9511,4857647.1572,1.80,43.86761,-69.99248,-24.15,1.00,1.50,0.02
TRANSC33,05/22/2020,10:56:30,420253.2760,4857648.7011,2.00,43.86762,-69.99246,-23.95,1.00,1.50,0.02
TRANSC34,05/22/2020,10:56:47,420253.8132,4857649.4835,2.31,43.86763,-69.99246,-23.64,1.00,1.50,0.03
TRANSD01,05/22/2020,11:03:28,420227.7861,4857628.3034,0.51,43.86744,-69.99278,-25.43,1.00,1.50,0.02
TRANSD02,05/22/2020,11:03:51,420227.7874,4857628.5150,0.52,43.86744,-69.99278,-25.43,1.00,1.50,0.02
TRANSD03,05/22/2020,11:04:18,420227.8528,4857628.7380,0.53,43.86744,-69.99278,-25.42,1.00,1.50,0.02
TRANSD05,05/22/2020,11:07:00,420228.0855,4857629.0662,1.09,43.86744,-69.99277,-24.86,1.00,1.50,0.02
TRANSD06,05/22/2020,11:07:28,420228.1338,4857629.2929,1.23,43.86744,-69.99277,-24.71,0.90,1.20,0.03
TRANSD07,05/22/2020,11:07:50,420228.2354,4857629.5074,1.33,43.86745,-69.99277,-24.62,0.90,1.20,0.02
TRANSD08,05/22/2020,11:08:10,420228.3217,4857629.7256,1.46,43.86745,-69.99277,-24.48,1.00,1.50,0.03
TRANSD09,05/22/2020,11:08:37,420228.4148,4857629.9599,1.49,43.86745,-69.99277,-24.45,0.90,1.20,0.02
TRANSD10,05/22/2020,11:09:05,420228.4769,4857630.2039,1.54,43.86745,-69.99277,-24.41,0.90,1.20,0.02
TRANSD11,05/22/2020,11:09:31,420228.5584,4857630.4263,1.55,43.86745,-69.99277,-24.39,0.90,1.20,0.02
TRANSD12,05/22/2020,11:09:51,420228.6369,4857630.6712,1.55,43.86746,-69.99277,-24.40,0.90,1.20,0.02
TRANSD13,05/22/2020,11:10:16,420228.7729,4857631.1535,1.55,43.86746,-69.99277,-24.39,0.90,1.20,0.02
TRANSD14,05/22/2020,11:10:38,420228.9155,4857631.6197,1.57,43.86747,-69.99276,-24.38,0.90,1.20,0.02
TRANSD15,05/22/2020,11:11:02,420229.0834,4857632.1215,1.57,43.86747,-69.99276,-24.38,0.90,1.20,0.03
TRANSD16,05/22/2020,11:11:26,420229.3222,4857633.0661,1.57,43.86748,-69.99276,-24.37,1.00,1.50,0.03
TRANSD17,05/22/2020,11:11:45,420229.6064,4857634.0268,1.59,43.86749,-69.99276,-24.36,1.00,1.50,0.03
TRANSD18,05/22/2020,11:12:10,420230.1826,4857635.9361,1.61,43.86750,-69.99275,-24.33,1.00,1.50,0.02
TRANSD19,05/22/2020,11:12:32,420230.7692,4857637.8570,1.64,43.86752,-69.99274,-24.30,1.00,1.50,0.02
TRANSD20,05/22/2020,11:12:54,420231.3603,4857639.7636,1.67,43.86754,-69.99273,-24.27,1.00,1.50,0.02
TRANSD21,05/22/2020,11:13:15,420231.9674,4857641.6723,1.69,43.86756,-69.99273,-24.25,1.00,1.50,0.02
TRANSD22,05/22/2020,11:13:37,420232.5580,4857643.5864,1.67,43.86757,-69.99272,-24.28,1.00,1.50,0.02
TRANSD23,05/22/2020,11:14:00,420233.1455,4857645.5024,1.72,43.86759,-69.99271,-24.22,0.90,1.20,0.02
TRANSD24,05/22/2020,11:14:33,420233.7137,4857647.3885,1.72,43.86761,-69.99271,-24.22,0.90,1.20,0.01
TRANSD25,05/22/2020,11:14:60,420234.2771,4857649.3324,1.69,43.86763,-69.99270,-24.26,0.90,1.20,0.02
TRANSD26,05/22/2020,11:15:28,420234.8486,4857651.2182,1.72,43.86764,-69.99269,-24.23,0.90,1.20,0.02
TRANSD27,05/22/2020,11:15:54,420235.4573,4857653.1581,1.88,43.86766,-69.99269,-24.07,0.90,1.20,0.03
TRANSD28,05/22/2020,11:16:16,420235.9695,4857655.0585,2.15,43.86768,-69.99268,-23.80,0.90,1.20,0.02
TRANSD29,05/22/2020,11:16:43,420236.5385,4857656.9960,2.12,43.86769,-69.99267,-23.82,0.90,1.20,0.03
TRANSD30,05/22/2020,11:17:04,420236.8084,4857657.9128,2.20,43.86770,-69.99267,-23.75,0.90,1.20,0.02
